-2.056818841119903082e-02
0.000000000000000000e+00
-1.583737657943140587e-02
0.000000000000000000e+00
4.836126789515960561e-02
0.000000000000000000e+00
-3.769069597581630772e-03
0.000000000000000000e+00
-2.719841896348088733e-02
0.000000000000000000e+00
2.718573174438624826e-02
0.000000000000000000e+00
6.473659724672738147e-02
0.000000000000000000e+00
-2.730481213204477911e-02
0.000000000000000000e+00
-3.961495001539866445e-02
0.000000000000000000e+00
3.585867454581524727e-02
0.000000000000000000e+00
-6.229217358564247131e-02
0.000000000000000000e+00
1.226968449101308034e-02
0.000000000000000000e+00
5.930940193292901647e-02
0.000000000000000000e+00
-1.568937170231070842e-04
0.000000000000000000e+00
-5.734297187842739285e-02
0.000000000000000000e+00
1.637334441911744015e-02
0.000000000000000000e+00
-2.275358169284816962e-02
0.000000000000000000e+00
2.981625000860987917e-02
0.000000000000000000e+00
3.823657523625530880e-02
0.000000000000000000e+00
3.918900700449812896e-02
0.000000000000000000e+00
-4.251486982276493631e-02
0.000000000000000000e+00
1.018304735394758367e-02
0.000000000000000000e+00
-1.464549794466818780e-02
0.000000000000000000e+00
3.328749691912517850e-02
0.000000000000000000e+00
1.404780164571005352e-02
0.000000000000000000e+00
-5.452940705530893301e-02
0.000000000000000000e+00
-2.169064329303405786e-02
0.000000000000000000e+00
-2.004510461735289906e-02
0.000000000000000000e+00
1.289653723790871141e-02
0.000000000000000000e+00
-4.195119865002840120e-02
0.000000000000000000e+00
4.342118646920109515e-02
0.000000000000000000e+00
-2.317396226185568231e-02
0.000000000000000000e+00
5.319333341385001218e-02
0.000000000000000000e+00
4.599334390347140089e-02
0.000000000000000000e+00
-1.475176616362751034e-02
0.000000000000000000e+00
-8.726646259971647390e-02
0.000000000000000000e+00
6.630219494476636416e-03
0.000000000000000000e+00
3.437982273633404667e-02
0.000000000000000000e+00
-5.360547344535103453e-02
0.000000000000000000e+00
1.255198142364572465e-02
0.000000000000000000e+00
-4.402472742024925167e-02
0.000000000000000000e+00
6.702465336567373089e-02
0.000000000000000000e+00
3.065802562316949018e-02
0.000000000000000000e+00
3.043581790762316368e-03
0.000000000000000000e+00
1.889322386991222624e-02
0.000000000000000000e+00
-2.840173478391781747e-02
0.000000000000000000e+00
1.849330647284755380e-02
0.000000000000000000e+00
4.345974563187163936e-02
0.000000000000000000e+00
-4.178098005424844136e-02
0.000000000000000000e+00
1.549517131093876635e-02
0.000000000000000000e+00
1.176823015049652948e-02
0.000000000000000000e+00
1.192797783560139470e-02
0.000000000000000000e+00
-6.777906422959929789e-02
0.000000000000000000e+00
3.744814824902310824e-02
0.000000000000000000e+00
1.944383533110082343e-02
0.000000000000000000e+00
2.072039314584919051e-02
0.000000000000000000e+00
-5.434242681251506835e-02
0.000000000000000000e+00
3.720991218825974584e-02
0.000000000000000000e+00
3.619433195580453594e-02
0.000000000000000000e+00
-3.427860973297770786e-02
0.000000000000000000e+00
2.411409640966877960e-02
0.000000000000000000e+00
9.505143862247329711e-03
0.000000000000000000e+00
3.100079248481065614e-02
0.000000000000000000e+00
1.431395699783290752e-02
0.000000000000000000e+00
-1.419637649751459910e-02
0.000000000000000000e+00
1.394794057230614413e-02
0.000000000000000000e+00
3.368638486702291851e-02
0.000000000000000000e+00
2.661950234657080652e-02
0.000000000000000000e+00
-2.639175211240372531e-03
0.000000000000000000e+00
-1.100046579250946871e-02
0.000000000000000000e+00
-2.932454471717148639e-02
0.000000000000000000e+00
8.726646259971647390e-02
0.000000000000000000e+00
6.637025062437029721e-02
0.000000000000000000e+00
-1.389355962140337297e-02
0.000000000000000000e+00
-7.216868603598436405e-02
0.000000000000000000e+00
-2.273775056953438508e-04
0.000000000000000000e+00
7.985042900684986844e-02
0.000000000000000000e+00
2.710707839074608105e-02
0.000000000000000000e+00
6.665826018101421446e-02
0.000000000000000000e+00
3.147733310956611630e-02
0.000000000000000000e+00
2.776203413738787679e-02
0.000000000000000000e+00
-6.548793101396586935e-02
0.000000000000000000e+00
9.075700789299392252e-03
0.000000000000000000e+00
-5.853390328265781727e-03
0.000000000000000000e+00
2.420102758951150554e-02
0.000000000000000000e+00
-2.380843312140729084e-02
0.000000000000000000e+00
1.912406166196539779e-03
0.000000000000000000e+00
-3.319618910863253447e-02
0.000000000000000000e+00
2.934632938871124808e-02
0.000000000000000000e+00
-4.845646736411543185e-03
0.000000000000000000e+00
8.959614232596585515e-03
0.000000000000000000e+00
4.096366008343414744e-02
0.000000000000000000e+00
4.233143835012760300e-03
0.000000000000000000e+00
-3.696735636424861721e-02
0.000000000000000000e+00
5.909199922062347878e-04
0.000000000000000000e+00
-2.358326039060095955e-02
0.000000000000000000e+00
-9.385972449884375651e-03
0.000000000000000000e+00
-1.795506053980409911e-02
0.000000000000000000e+00
-4.770087074276223998e-02
0.000000000000000000e+00
1.359106044271577926e-02
0.000000000000000000e+00
